
colorInside = [0.800000000000000,0.600000000000000,0.400000000000000];
iterations =1000;
Length=25;
numObstacles = 5;
obstacleCenters=[22.923178545696597,17.857236168782418;...
    14.407472476412247,13.988390759430509;...
    15.364193058888265,15.352357565818371;...
    4.712130275488792,15.615449471544114;...
    7.085026150145800,8.238076132920797];

pointB = [2,3];
pointA = [10,23];
q_near = pointA;
q_new = pointA;
r_near = 2;
Width = 25;
Dist = [];
Iterations = [];
time = [];

